SMILES: C[C@@H](O)[C@@H]1NC(=O)CCc2cccc(c2)/C=C/Cc2ccsc2C[C@@H](C(=O)O)NC(=O)[C@H](CCC(N)=O)NC1=O
Number of Conformers: 140
Time: 488.79559206962585 seconds
------------------------------ Energy (kcal/mol) -------------------------------
15.360970379493647
16.60548542035001
17.3155837796104
17.352042116146833
17.442216398042575
17.543740248795935
17.7787832550147
18.77628388543696
18.841827723490006
19.005016336721223
19.086956172285042
19.19547963112685
19.369702157601388
19.702481483110695
19.70681528378314
19.889563786979362
19.94271396014584
20.02688995201638
20.04952683516454
20.3978522765518
20.45352635831042
20.533446556827865
20.79886165891939
20.959360463127005
20.99631161641472
21.197931979852342
21.23750268047679
21.369749470164532
21.37211828011576
21.490178670516794
21.522846614781255
21.601266800244144
21.63030442762992
21.80769434212371
21.830822689877046
21.868930829166533
21.887243821531282
21.941716972571836
21.942244999055816
21.959205015829006
22.030604877716144
22.142138977355774
22.225444379240976
22.28747231784209
22.365367965369778
22.392093048377475
22.445262012140414
22.460200135332467
22.564358182448327
22.56492568871028
22.588021425280317
22.64550932008928
22.66982323465904
22.68302131128962
22.692669814116517
22.74329672129514
22.762825544212333
22.773613434669617
22.77979723551392
22.801934922549478
22.821466041517457
22.898260811210555
22.96526073833505
23.077485963381555
23.13094810663408
23.133981217438997
23.229407915617923
23.22945480115965
23.257226150579523
23.270530848662272
23.377739997854942
23.428505204565123
23.496160811340495
23.497149807957864
23.533863158664207
23.538687403253547
23.54496719204901
23.629256969599943
23.635941073761266
23.656564544823496
23.710577455579163
23.711665405969924
23.72036739385044
23.759251718156627
23.800983277931216
23.811987731087637
23.856214664089844
23.860639572500975
23.925985014270427
23.935671278813704
23.948529374662396
23.959950773454498
23.968498966326237
24.01309289281273
24.01709764328143
24.066656836919382
24.10019794460674
24.127149161869657
24.15010549943518
24.155714073204162
24.186528164145077
24.192412719574133
24.296800033866305
24.301063896418814
24.339694591843532
24.380559165785655
24.39949092995769
24.409691877461206
24.411740174324915
24.486941192478938
24.798851731867263
24.80854078272751
24.932085204486587
24.94609281679059
24.94731928803426
24.976013751976627
24.979586689651324
24.980275979612873
24.9833107518709
25.00345562430729
25.013402313231836
25.030293645120558
25.031066741654076
25.03473026351079
25.106188567122242
25.128666050282828
25.179158194154216
25.17924518908369
25.193620391096943
25.241227327493277
25.248616811524695
25.260388898955313
25.26266567873887
25.263907679598834
25.269892717685167
25.297503913198106
25.297810591531462
25.33883115515591
25.3442286670413
25.353709541497683
Average: 22.815702721569295
Standard Deviation: 2.1367577167019873
----------------------------------- RMSD (Å) -----------------------------------
2.8208430243139997
1.2343676910341888
3.3149821932101555
0.5829086030010521
1.4663069539177909
3.493563566423847
1.424692754253263
1.4447273807555332
1.252767760813404
1.269780630582594
2.9959512020837935
3.3059779343439084
1.626713864626133
1.9852974143356295
3.2854498039350784
1.5287107774256545
2.1835526751990932
1.4688616463895245
2.854492418100264
1.1699357310610654
1.3504537019695695
1.4691519162202367
2.6679335088571436
4.318475263616113
2.7154980967161944
0.9331945097222839
1.8068904576779694
2.5316244110778565
3.3939389458134506
1.4535025434225595
2.607636818459244
2.4940590724597644
1.6445429011732386
3.6220325710340946
3.0325201167874085
1.3053894796884866
2.99114395346381
2.6803015347710715
2.929098903479812
3.0926046909805773
3.3051322027103045
3.2331215658816865
1.7481904911718926
1.7841869367579444
2.816271804937363
1.5363963365056972
2.1809557378605704
1.305455151928635
1.5785683278144493
3.280067032056007
2.681598510437664
3.270515013668673
3.3692434630643984
2.7619540478964604
3.1686674312740366
1.3430817991626456
3.405465325270512
2.0121268107634673
4.07010904125788
1.052020735204953
1.7039720781834962
1.4176732894498847
3.312259709871016
3.2192918971391147
4.36080618818806
1.6425860041780278
1.7100125800716064
4.314286796900883
3.176747185803945
3.7287702125704536
2.8389318848505796
3.8922514674629975
2.7615735782794038
4.222861808640877
2.9304285873369915
0.958891575694857
4.2486792009327
1.5272107124749807
1.5942634811982785
4.312013817191521
3.082339123729447
3.510155822925192
3.0567353356986677
3.305279010334536
3.400476753570926
3.334886993924924
3.3320725271498435
1.8466065073116078
3.310381773274011
2.550429215544171
2.543041847588031
2.7980479044489766
1.7369434750857193
2.3534915305324264
3.0701581612775417
3.307718912016346
3.0220339307773
2.5517738200451925
3.090859169652311
4.152391188241838
1.3649229494589046
0.6841226303380337
3.1780356553182605
3.233118195093251
2.5689333133911303
4.405643598186238
3.1132832756043505
2.8788094280513814
2.7025570541630684
2.9258170884034604
3.203005986222956
4.0221690673692745
2.950172272589899
2.307995241164026
2.190559458964765
3.0402607371226122
2.7307478810574266
1.080261840932719
1.7978010825807826
2.55299855620359
3.1546990389293637
2.546307443533878
4.058514781540391
3.9337163355197164
3.0450470243797696
3.3778221812136784
2.912443633409526
2.580265174221881
2.701013318019209
2.035698125013964
2.376749783879533
3.217597519530881
3.288744316982314
1.735613797332421
4.340334524434416
4.11353204756799
2.7230202224071394
2.75074054263319
2.972500478928905
Average: 2.6451648622306845
Standard Deviation: 0.9182370555217719
-------------------------------- Ring_RMSD (Å) ---------------------------------
1.3014557829693654
0.42067049127210604
1.7487872944443874
0.06588102714807985
0.4267138537637517
1.4665813052756633
0.4180684643810793
0.4513985669983662
0.42530009262727586
0.60660530675953
1.2820737235547384
1.7022218544523093
0.826681261958435
0.6260133910420027
1.378094668714652
0.7405851516719311
0.897264244181644
0.42646847251154385
1.3363254572409782
0.09173033197227363
0.5787738947947207
0.5783968913983912
1.2985792084485808
1.9465599467011652
1.4302589240851935
0.2250489821038942
0.42341758100387905
1.1756070504549234
1.4838926114026854
0.4983028127039707
1.1869543627598196
1.0863914708280253
0.7354080464819623
1.6329177348359416
1.6023615012480443
0.09663886749380148
1.405236160720986
1.194102215961279
1.3546622886419986
1.640272344035384
1.426068428216582
1.486274912231288
0.8207718380757241
0.42405912394469725
1.2061510700715978
0.1292442456728184
1.0168552739801378
0.6232267310269652
0.4239100478477163
1.3684365426065463
1.4134306221820903
1.3162875322911542
1.384881503564925
1.5790753991013946
1.3954689798096476
0.42044141355086795
1.792226814944657
0.5838758890931122
1.9533854534282185
0.2917736707779011
0.4894892777209981
0.5707800282968419
1.3769474546845495
1.3528389255531832
1.9437079890956193
0.8445093711876697
0.8445090927556819
2.004392301059785
1.3316556742547536
1.6116584844838213
1.199300554143598
1.5519681980300606
1.1991073376050208
2.238618910975004
1.4428473710573566
0.11015072888630272
1.5811306449617029
0.5711294202202456
0.4206945492199297
1.936519686481717
1.1633550212718067
1.605819921669172
1.5645473303573318
1.4316854848695153
1.7487355255371955
1.7006835052983413
1.7319514350769478
0.8701377330673224
1.0018097082055237
0.9635449581488577
1.1905680549788686
1.3986514924726017
0.8709048781971498
1.1979947230288928
1.5809445280966798
1.7103453273600997
1.4650667224345855
1.1939374732928352
1.3278116074069606
1.9508579589669188
0.4255304739100698
0.08430402555454453
1.3308719193799188
1.8614086750699546
1.17370787137076
1.9427102991477387
1.6671478836062938
1.449809248609429
1.4945112599255608
1.29249167427958
1.2543804843344044
2.016587287549957
1.3497047319525297
1.2274002300395486
1.0337416670322659
1.425858932549918
1.2904729610302983
0.0463098791103935
0.5751920071266553
1.197868163255858
1.3278034934676024
1.1991638798252233
1.5977702441994186
1.648517213475821
1.3314784473788104
1.760827387194952
1.2854587222908713
1.1834337661335639
1.258914772183378
0.92799307986696
1.1484572667205264
1.3502372349865306
1.3893417528410272
0.43081769955988547
1.9511623225031702
1.949953614879604
1.0275900931780917
1.207389025467683
1.3632944214731326
Average: 1.158557357081555
Standard Deviation: 0.5156352052024789
-------------------------------- Parameter List --------------------------------
'repeats_per_cut': 5,
 'num_confs_genetic': 50,
 'num_confs_rotamer_search': 5,
 'force_field': 'MMFF94s',
 'score': 'energy',
 'min_rmsd': 0.5,
 'energy_diff': 10,
 'small_angle_gran': 5,
 'large_angle_gran': 15,
 'clash_threshold': 0.9,
 'distance_interval': [1.0, 2.5],
 'num_threads': 0,
 'max_iters': 1000,
 'num_embed_tries': 5,
 'embed_params': 'ETversion': 2,
                  'boxSizeMult': 2.0,
                  'clearConfs': True,
                  'enforceChirality': True,
                  'ignoreSmoothingFailures': False,
                  'maxIterations': 1000,
                  'numThreads': 0,
                  'numZeroFail': 1,
                  'onlyHeavyAtomsForRMS': True,
                  'optimizerForceTol': 0.001,
                  'pruneRmsThresh': -1.0,
                  'randNegEig': True,
                  'randomSeed': 1572318425,
                  'useBasicKnowledge': True,
                  'useExpTorsionAnglePrefs': True,
                  'useRandomCoords': False,
                  'verbose': False
