SMILES: O=C(O)C[C@H]1Cc2c[nH]c3c(csc3c2=O)C/C=C/c2cccc(c2)CCC(=O)NC[C@H](CCCc2n[nH]c(=O)n3cncc23)C(=O)N[C@@H](CCc2nc3cscc3[nH]2)CC(=O)N1
Number of Conformers: 168
Time: 1424.4683349132538 seconds
------------------------------ Energy (kcal/mol) -------------------------------
16.525309420627483
16.596697044550655
16.994405593152987
18.301080818053823
18.34641861082244
18.45776787996462
18.48025003875336
18.859088354656542
19.10795609104647
19.42359951664944
19.579750390496994
19.82056154027758
19.91036075660771
19.95874534938191
20.03362369558902
20.049216318839605
20.28666530918612
20.29510683859951
20.303375334435877
20.353684958416405
20.393107113308986
20.472682243885288
20.52014593452919
20.55453616620249
20.650592899348467
20.655015373249277
20.682380587110615
20.845271529793038
20.890773228816588
21.062867355637646
21.081611016314778
21.085311970217468
21.24518970085713
21.246554890684003
21.336247274402268
21.35757683488975
21.411411175616447
21.421328911678707
21.476369753111634
21.675910528862456
21.76971067115656
21.808930948844942
21.82712942981106
21.88638680927968
21.92041333193968
21.99194629994294
22.04222631928784
22.054466018211674
22.28837148059538
22.308831252286954
22.326493708464092
22.359402089569215
22.39584191312892
22.43367455972749
22.45453553661037
22.562462144881522
22.572993222420912
22.599275401806192
22.729445057867142
22.746053820130943
22.75073487201571
22.751214034612346
22.7811489893612
22.784364846582513
22.80233476707103
22.817051383334395
22.88318259728303
22.90240592192584
23.06349177287423
23.1016447962614
23.13175540174686
23.136226224062224
23.203931744424835
23.254047861626983
23.257504272510893
23.533628593338815
23.570707106218755
23.649727278135494
23.651708427237374
23.675409936269233
23.738979933541025
23.76343540966569
23.770365735119988
23.775038193439265
23.77866964739389
23.7884822134002
23.8046716169025
23.810057703505983
23.879394177624647
23.888281602116535
23.917940902088073
23.97340427644893
23.985131005241932
24.000432460407552
24.017691326321277
24.050625198003686
24.128453503981138
24.218979072947842
24.255850310952926
24.261530873588487
24.316984598723785
24.34433358003212
24.354004178417572
24.355401332737
24.38374210147033
24.39299772264915
24.396126250504395
24.399400194272417
24.484952254116113
24.667034659749906
24.689861359426132
24.70138438220555
24.715838695823823
24.74711668576834
24.755673868309973
24.984201830166008
25.051500957531154
25.11983084707188
25.14797773664025
25.17233467324705
25.174468744418633
25.18076278714944
25.234138147847904
25.234782479282636
25.251055830417528
25.251464414145403
25.299480451887362
25.337581666460093
25.341730660371354
25.3816732563959
25.45183576910668
25.503960464094874
25.535521417303148
25.546847720098143
25.55886302261984
25.569534710853368
25.570540570377418
25.58453916781964
25.607700861617523
25.64710820595413
25.657130592774724
25.68205481696744
25.75558946075127
25.823259522210545
25.826677512445357
25.834789785244432
25.898287119004102
25.935627450706956
25.938619246684944
25.942933147576657
25.961004140572626
25.962829853607328
26.020680503830178
26.02110627820911
26.031426366486805
26.040210881131813
26.0963162972427
26.103003535525747
26.11273286011093
26.187599866644334
26.319397696981127
26.32027146287364
26.333395290687594
26.372288108680248
26.455585768374917
26.47491085073556
26.481927656058424
26.523637171371984
Average: 23.332704499135406
Standard Deviation: 2.280788237738935
----------------------------------- RMSD (Å) -----------------------------------
1.4020456812131032
4.017634112054559
1.4134866197626224
3.124901047758706
3.797265341612192
4.442435486133622
1.5283038575040335
1.539955133285617
3.009863370200734
5.175134094957228
4.868826022974348
4.651259982536409
1.7791677947863431
3.8238677343300083
1.8588578458325289
5.198310088181427
1.9866576181578266
2.550814616723761
3.6030915548504034
3.6616486172257323
1.7414832960386801
1.7371663821487369
1.8176378662457215
3.8753697991786886
4.919961638868739
4.285605411449054
4.936965641322108
4.731815475788137
1.943357658280202
5.2389356541880865
4.168212084981534
4.696102337448774
4.7002104779195975
2.0293856106493786
1.011367453152864
3.0175330118215262
5.523120914820143
4.959005030976142
1.7509192241532472
5.897060408898988
5.184509999762036
3.932080657651811
4.888355903929759
5.25615901100019
5.26273509187551
4.606316572261107
4.281400840127719
5.547333010577299
1.723637856575108
2.304714397619673
2.4938934540736692
5.108780229424091
2.449884403207923
2.5202645044875194
4.937208388422705
2.841773060536638
5.481686145204208
5.5203892875267195
4.971877720569442
1.7382616034326122
4.9587269664851386
2.44747906661593
4.79358642125741
1.9353756513054663
3.8539140085883394
2.051770757451636
2.447095909260403
1.6440797327174015
5.21783983944652
4.636532384515407
5.544195283752899
4.183935445482709
5.721008911837215
3.6082162469420345
3.2299017659357236
3.930498374424963
4.398808562068392
5.8687538417895295
5.822846999395647
5.806770903807988
5.031641619043796
1.7791593711458702
4.507068796765953
5.297987892123562
3.6256994057563325
4.562122047743034
5.187277562266216
4.949334420089743
5.905562091408452
4.917494870853234
5.059847737011194
3.923790041652029
1.9420826393978796
3.7825754120789856
5.097797576223176
4.116243241445604
4.247187445417791
5.1518712642622075
5.484810313095964
3.958945794546142
3.5145760232258922
4.7720298641737084
2.988620147682711
4.133642861369199
5.0494329154744015
3.9290359167485684
2.2778514404466597
1.8226870452763424
5.199872723891286
4.626515496282414
3.229404098337389
6.031995231984896
3.818305594477781
3.065598994154697
5.6366057518327315
5.7755432985318125
5.510925279285138
4.53143657753947
3.9993424251534235
1.890553613667459
3.9385030793346925
1.7501206038912684
4.3916696190297655
4.910413794167223
4.978493651604697
3.6876092727456307
5.579205473293945
5.541696410019039
1.8877969094432365
1.8027643388923287
5.31480097686046
3.666331759731942
2.6655926041080655
2.1626365759176256
4.015503490471852
5.806598674187116
2.519017951892582
5.165084191470023
4.632897230974221
5.635319349041393
1.9851875487009327
2.745111647922088
4.49524277803667
4.88959983201568
5.833343405053201
4.784474819194558
5.149198083634257
5.27101234915822
3.903278983448671
3.781137559188068
3.927283338824631
3.010360495658507
3.293825813382287
4.067715318844003
5.027267311264886
4.000720492064156
4.070607610763368
2.221938705501981
5.644472165312253
2.0991075621213215
3.355879869158796
4.877579585402065
3.9774003705418632
4.780936064736223
4.732519305112026
4.9957083509731675
3.9663418918431743
Average: 3.957120498602128
Standard Deviation: 1.3312715322676352
-------------------------------- Ring_RMSD (Å) ---------------------------------
0.029630173026369753
2.2139731811889045
0.230477096308291
1.8307909176490718
1.2310284233573705
2.225467909230695
0.34137827864138637
0.5380061770651288
1.8193989270394701
2.5726824958369554
2.5314004658923794
2.4181393678886307
0.40183734330256404
1.9248231798614128
0.4256615885495254
2.5293475840274757
1.0370602944800686
0.3596771549374957
2.190464854328605
1.2756496869791067
0.9595796789485703
0.3179713788182047
0.6452569351120578
1.2382713035007595
2.4497678056515837
1.927174877252874
2.526052864593408
2.5794214599159933
0.378404046352428
2.214668030049479
2.2479652441927214
2.4525894815313576
2.230197745810341
0.5236201702366216
0.35007163234215866
0.7665695793736618
1.9479802450550854
2.428004323472968
0.4890874883057237
2.2627664009598316
2.7345132161173042
2.2186904881184715
2.2384899539390437
2.4443651472565096
2.519313714581832
2.4622812443612534
2.095902021791126
2.3033489728282497
0.39318294019516975
0.39437619270897517
0.3939750987421625
2.451151213500473
0.9933367042930871
0.3947250006803161
2.057824846273839
0.40836393229830964
2.490417739298167
1.9558211706691817
2.043774071763488
0.505531134166337
2.492268212902906
0.38285945116092657
2.446253196492787
1.0613716753326432
1.0769979428755914
0.5366562744828262
1.026429631353669
0.4980667484852854
2.2448820295004324
2.2238863564715143
2.4509397823501136
1.1247660485545459
2.2030279339912533
0.7590675334941186
0.7615634972236259
2.211272270316154
2.3903248452587396
2.3598326659481423
2.261348958298974
2.212030514544557
2.7980999823473214
0.9462618630657561
2.1266407874913766
1.874825466649238
0.761651137026727
2.078403811341126
1.9343675899406634
2.379341395349136
2.2842516762187692
1.8538199883733055
2.4538993221016407
1.0687899667630971
0.8533381357431601
1.1678111721701114
2.340253290872819
0.7903087985530052
1.8064653822810666
2.4209512587194513
2.10478119661401
0.7616995906490371
0.7632164382710885
2.0918273489289536
0.7307045630902321
0.7906602678013744
2.3678271723928854
0.7615766307824088
0.4921030738100209
0.5082095937514781
2.4746847655826283
2.373725067036788
0.9017750140192641
2.291624701492087
0.7631973884635126
1.8406149866985986
2.3475016400157047
2.1808067947185914
1.926315091914056
2.399786486963666
2.2538436114992324
0.521932818041547
0.7642824797606863
0.8444083993836574
1.1262683170604932
2.245366966805552
1.9625064373332668
2.0988132051744572
2.195089158618193
2.3797674306041485
0.5816084459227283
0.4242561657689222
2.2867529930325445
1.0203921575699038
0.4984487774400905
0.48452887990994514
2.282554627679245
2.3380954194215064
0.5106082494334035
2.167527411013663
2.2502397868790056
2.347153942875836
0.9386165065333802
0.6615643914761851
1.306903711574694
2.404229346703481
2.2830567945577345
1.8784813094028587
2.4104416878721726
2.699211191784981
2.264777082074535
1.7825267033007455
1.1089116990202974
1.7989354233061812
1.078101059858604
1.4758794055127862
2.281926711344856
2.615357179988065
2.3003479079447007
0.36485128511158765
2.234741741004066
0.8343404493437836
1.2086585372558383
2.493136147785547
2.253916479224336
1.947040607527849
2.420159544852532
1.953539304179822
2.244631859281001
Average: 1.6223137410224169
Standard Deviation: 0.7978147259905229
-------------------------------- Parameter List --------------------------------
'repeats_per_cut': 5,
 'num_confs_genetic': 50,
 'num_confs_rotamer_search': 5,
 'force_field': 'MMFF94s',
 'score': 'energy',
 'min_rmsd': 0.5,
 'energy_diff': 10,
 'small_angle_gran': 5,
 'large_angle_gran': 15,
 'clash_threshold': 0.9,
 'distance_interval': [1.0, 2.5],
 'num_threads': 0,
 'max_iters': 1000,
 'num_embed_tries': 5,
 'embed_params': 'ETversion': 2,
                  'boxSizeMult': 2.0,
                  'clearConfs': True,
                  'enforceChirality': True,
                  'ignoreSmoothingFailures': False,
                  'maxIterations': 1000,
                  'numThreads': 0,
                  'numZeroFail': 1,
                  'onlyHeavyAtomsForRMS': True,
                  'optimizerForceTol': 0.001,
                  'pruneRmsThresh': -1.0,
                  'randNegEig': True,
                  'randomSeed': 1572330489,
                  'useBasicKnowledge': True,
                  'useExpTorsionAnglePrefs': True,
                  'useRandomCoords': False,
                  'verbose': False
