SMILES: O=C1N[C@H](Cc2cccc3sc(=O)ccc23)C(=O)N[C@H](C(=O)O)Cn2nnc3c(=O)[nH]cc(c32)C/C=C/c2ccc(F)c(c2)C[C@H]2CC3c4cc(=O)n5ccnc5n4CC1N3C2=O
Number of Conformers: 134
Time: 716.7637569904327 seconds
------------------------------ Energy (kcal/mol) -------------------------------
142.5346171165761
143.5545402135369
143.87693051011593
144.04821776134335
144.81159842875576
144.93381034280193
145.05978122731617
145.0664111309602
145.06642760816447
145.62921608206446
145.79642984615575
145.87447639123968
146.4494686727291
146.61268679288642
146.88539604381887
147.03234512093363
147.1417934594137
147.21108132416245
147.31430381660425
147.36726501834073
147.71128447077353
147.73411812657926
147.96786173567054
147.9782049698189
148.0924436879421
148.1186107096121
148.18144975640843
148.22309675935463
148.24518918633677
148.33230398890436
148.33540114699898
148.35115397588635
148.3715954125537
148.37748615502557
148.39289267914012
148.58396751632827
148.59714457183105
148.63012508671392
148.64276248264574
148.64302219167186
148.68743453289648
148.69583577330013
148.76169205410204
148.78605966039447
148.83839267817703
148.84574312504517
148.86691767023768
149.02098874469525
149.0394868064456
149.07968284923837
149.3218232847566
149.354558812902
149.35464952623505
149.39201444872404
149.49413281769412
149.50468534150806
149.56471652687114
149.61974441736476
149.64433747272722
149.65755067876879
149.66131628788548
149.66747513380938
149.6679988791939
149.72625301110565
149.7667236687693
149.77672205594354
149.87665084622142
149.93452737389634
150.02747917440237
150.08814558345568
150.1226624746954
150.1458802308906
150.2030362036467
150.24755399994618
150.3150515609271
150.32162860933857
150.37058187515746
150.44867727732026
150.4763337219026
150.50087482424945
150.50912120376887
150.5117786033921
150.54967782748423
150.55454053439342
150.63034579863992
150.76126225922866
150.79816564110317
150.85501828490587
150.96472100884893
150.98729971889304
151.067358521117
151.21454764347072
151.233229215782
151.27765805015503
151.36398663424455
151.38050471151297
151.38898259657196
151.53023242245274
151.5685164308296
151.63767909643897
151.6513427346038
151.6526763485164
151.70175404849996
151.72696380173304
151.73150991690312
151.76430554231857
151.79599493080013
151.79732694422617
151.80490510273935
151.82403675889677
151.8619131540381
151.8623513308126
151.87085043018774
151.87781245718324
151.95029869796772
152.02655829265584
152.05044782897994
152.06636274044993
152.10810115020195
152.1612188723113
152.22047846582163
152.22283202565052
152.2284136142031
152.241502402062
152.25465316938522
152.282356292706
152.30681419666573
152.317800107742
152.33842487385886
152.3679050107695
152.3710236674702
152.37995005385528
152.38241953084056
152.38565172375894
Average: 149.649436671306
Standard Deviation: 2.207978220788761
----------------------------------- RMSD (Å) -----------------------------------
5.207615541857091
5.129357675114968
5.0378389369711
1.9652296784094174
3.7609650022424694
4.489674828738809
4.837620886056464
4.77945963105568
3.820306375024547
5.165406142226013
4.615602079315842
4.666420273414626
5.213265322876205
3.3998986831911395
4.8371924390304715
5.041528356438196
4.917019285389846
5.0348411609776065
1.7117921043052986
4.980058838388673
4.590516066654601
3.19756360490391
3.5996626635047098
5.036165859872454
4.965348498128667
4.307022026039068
3.4709857333589875
5.172245865330257
4.906760012552968
5.633816448068458
2.3545670412736186
4.282278054455048
3.304167845188626
4.86358917790955
4.316128487016858
4.681546710168412
5.814584863130716
4.573888510008677
3.396408760317769
5.020834389647991
5.037078259183383
5.092793486956905
5.238933511880026
5.397117303149858
3.0323153841372603
1.9714373489150852
5.056201248324899
4.389040811504159
2.8290816192128503
5.598600427302796
3.5571118159323447
5.552881612938623
4.622091449886665
2.8416541891423903
2.877740366028604
4.859116197570919
4.755618598213404
5.308012351693896
5.293972830066609
5.789911463530335
4.44046479546822
5.223933472281269
4.896952764878518
3.1350052829779287
2.681635960281453
5.0405434793530794
4.688810662145165
5.182122043314435
4.263559465379637
3.6042822285241978
5.093697367585579
5.260737405135936
5.587672026462646
3.4209851956071162
4.006110805139145
5.050787946174964
5.381036174529051
3.312800419344955
5.0500067344836435
5.262188483172003
4.871196926009022
4.616636351914339
3.3735974233593495
4.142863482722733
4.411766619712882
3.9424296528239187
4.32959471594599
5.025992425255491
5.165956947673635
4.686370470181524
2.9490758682834963
2.839334729727068
5.159863850403103
5.106564425410388
4.463486900222567
2.599384989048109
4.962835055493498
4.780976874374547
3.3603612719115357
5.242072530700771
4.895286932511878
3.7276158499852428
4.785475252633327
4.364649301648672
4.956525387823614
5.493917606873391
4.435917022519441
5.109063254589137
4.737010762130477
2.7867205725546746
5.250540690571944
5.016274351975552
3.445186210777813
5.450011053818222
5.027567539910694
4.1444213908319405
5.102429117015057
4.412842850021178
4.668139288181345
3.088976855544797
4.667894199296748
3.731807147928886
5.335978060383703
5.131357102601021
5.18672853778222
4.575494164180412
4.609267481453198
3.926249639432081
5.192695240729363
5.0791423060044805
5.2233784249153405
4.458592198065558
4.915342825021166
Average: 4.471775014866559
Standard Deviation: 0.8867063810491799
-------------------------------- Ring_RMSD (Å) ---------------------------------
1.4111700240956415
1.4812675233351742
1.4142321392161572
0.06545803986439384
1.2775629223273295
1.257230897480672
1.459985115081529
1.2940552986712066
1.5693400891510954
1.4742836050420456
1.463052331752653
1.5046038296895377
1.5719721509794387
1.55709614354963
1.964945589250418
1.9781172129735245
1.5056080204787559
1.818063034582627
0.12326844070643656
1.4816934759111642
1.4949763347869474
1.2595105966660047
1.5587894561192317
1.422010619087902
2.225319445664524
1.0127445734597273
0.5683684053629686
1.8174068165952617
1.4572641698210071
1.5391783591514479
0.12253707187409718
1.5726710098272427
1.2158110096982833
1.4607534295108928
1.2966039192257737
1.7254288375978626
1.5788926473374547
1.5139837875100777
1.4402031150196715
1.7946294808473693
1.4207008674689694
1.9520638441126335
1.4906826591724749
1.5098807564773087
1.243243220117897
0.06929916994824468
1.5153986926877976
1.348042551070062
1.2946843401841621
1.4595680055420994
1.109042258505663
1.6177429717070217
2.229411175869765
1.1834237394667866
1.2404882555560492
1.9700061320276572
1.5670090610661767
1.5181117654211276
1.8141889728033171
1.594542504366083
1.7693173075325594
1.5388092701729803
1.7731062310235912
1.2124244798265076
0.07809929312554528
2.2546486447011684
1.5893058516034584
1.2610146787121368
1.9774258260092656
1.3909865103515533
1.9725638050830916
1.9713870205858715
1.5923204678350689
0.5526298324610682
1.1960053137514999
1.4895441953946256
1.4786528947352595
0.809149703732353
2.4676016139888626
1.7397029208105044
1.7891154831114808
1.606428295957076
1.3026006114305206
1.7178233099887845
1.4599224050869122
0.5688882914612136
1.5039688865763126
1.7510542789453412
1.4780035316988414
1.751524880714918
0.5451566491634856
0.531597482399009
1.9548513497412152
1.3239593344948366
1.272969502494863
0.5830419067529367
1.3140250181286113
2.4499110912189987
1.4250076813862784
1.4193743706560784
1.2756407697634964
1.4572336083767126
2.153405012791152
1.7132550007655292
1.9015764059900182
1.5199401869241318
1.4219163311977152
2.22563096936908
2.1330952712247
0.572118956100301
2.572127218741665
1.2099971421441702
0.8037794570766407
1.6107233008431183
2.328539981716624
1.2401971667886829
1.547130441916742
1.3704855261743838
1.0991651212920852
1.132322721943085
1.376847192870465
1.4260725068517055
1.4464205013318312
1.6918935832405109
1.447781478615348
2.0235357999980894
1.3247117264953543
1.5388171007142826
1.57037552648921
1.4356603494297877
1.3785039828747316
1.5910212590109478
2.334443458455991
Average: 1.4634278585957703
Standard Deviation: 0.4717494320769096
-------------------------------- Parameter List --------------------------------
'repeats_per_cut': 5,
 'num_confs_genetic': 50,
 'num_confs_rotamer_search': 5,
 'force_field': 'MMFF94s',
 'score': 'energy',
 'min_rmsd': 0.5,
 'energy_diff': 10,
 'small_angle_gran': 5,
 'large_angle_gran': 15,
 'clash_threshold': 0.9,
 'distance_interval': [1.0, 2.5],
 'num_threads': 0,
 'max_iters': 1000,
 'num_embed_tries': 5,
 'embed_params': 'ETversion': 2,
                  'boxSizeMult': 2.0,
                  'clearConfs': True,
                  'enforceChirality': True,
                  'ignoreSmoothingFailures': False,
                  'maxIterations': 1000,
                  'numThreads': 0,
                  'numZeroFail': 1,
                  'onlyHeavyAtomsForRMS': True,
                  'optimizerForceTol': 0.001,
                  'pruneRmsThresh': -1.0,
                  'randNegEig': True,
                  'randomSeed': 1572329679,
                  'useBasicKnowledge': True,
                  'useExpTorsionAnglePrefs': True,
                  'useRandomCoords': False,
                  'verbose': False
